Stats from File:	02.Test.0.TCP.Stream.Rate.0033.log
Min:	1.15 msec.
Max:	416.56 msec.
Avg:	24.544557354460906 msec.
Variance:	1263.1356943183603 msec.
Standard Deviation:	35.54062034234012 msec.
