Stats from File:	01_Ping
Min:	1.24 msec.
Max:	416.56 msec.
Avg:	41.67823286965482 msec.
Variance:	1781.3950758571575 msec.
Standard Deviation:	42.206576215764734 msec.
