Stats from File:	02_Ping
Min:	1.17 msec.
Max:	383.27 msec.
Avg:	22.233742268041237 msec.
Variance:	987.554199809863 msec.
Standard Deviation:	31.425375094179273 msec.
