Stats from File:	03_Ping
Min:	1.15 msec.
Max:	350.78 msec.
Avg:	9.610273195876289 msec.
Variance:	491.9968146160856 msec.
Standard Deviation:	22.181001208603853 msec.
